    2    3    4
 12.011 16.000
    1    1  0.0150  0.0000  0.0000
 -2.670124   0.000000   0.000000
  1.335062   0.000000   0.000000
  1.335062   0.000000   0.000000
    1    2  0.0000  0.0150  0.0000
  0.000000  -0.192893   0.000000
  0.000000   0.096446   0.000000
  0.000000   0.096446   0.000000
    2    1  0.0150  0.0000  0.0000
  1.335918   0.000000   0.000000
 -1.432413   0.000000   0.000000
  0.096495   0.000000   0.000000
    2    2  0.0000  0.0150  0.0000
  0.000002   0.096777   0.000000
 -0.000001  -0.049060   0.000000
  0.000000  -0.047717   0.000000
